barcode	filesize	read_length	reads_total	reads_mapped
TCGA-BA-4074-01A-01R-1436-07	8302836124	50	220928619	209031497
TCGA-BA-4075-01A-01R-1436-07	5676734458	48	133211815	129847500
TCGA-BA-4076-01A-01R-1436-07	5545677322	48	130063537	126780186
TCGA-BA-4077-01B-01R-1436-07	5375371101	48	126227402	122867820
TCGA-BA-4078-01A-01R-1436-07	12762897802	50	265547357	255054598
TCGA-BA-5149-01A-01R-1514-07	8201405143	50	188789633	181528826
TCGA-BA-5151-01A-01R-1436-07	11526694051	50	253433256	243461981
TCGA-BA-5152-01A-02R-1873-07	10216505353	50	232720344	220729806
TCGA-BA-5153-01A-01R-1436-07	5065488819	48	116818303	113588728
TCGA-BA-5555-01A-01R-1514-07	7368305307	48	187031083	182787738
TCGA-BA-5556-01A-01R-1514-07	7613003302	48	189609587	185416710
TCGA-BA-5558-01A-01R-1514-07	7107443758	48	182728794	178296042
TCGA-BA-5559-01A-01R-1514-07	8875539813	48	213770639	207623967
TCGA-BA-6869-01A-11R-1873-07	8497573739	48	179402532	171311602
TCGA-BA-6870-01A-11R-1873-07	10453805829	48	229039288	219307265
TCGA-BA-6871-01A-11R-1873-07	9830423170	48	211235932	205168336
TCGA-BA-6872-01A-11R-1873-07	5514328380	48	119930294	116426012
TCGA-BA-6873-01A-11R-1873-07	4720301200	48	98947667	95508461
TCGA-BA-7269-01A-11R-2016-07	7691849591	48	184960562	179436339
TCGA-BA-A4IF-01A-11R-A266-07	6271880006	48	138087008	134538615
TCGA-BA-A4IG-01A-11R-A266-07	6426566438	48	142362280	137500248
TCGA-BA-A4IH-01A-11R-A266-07	7127630251	48	154863734	149753372
TCGA-BA-A4II-01A-11R-A266-07	6678940120	48	146525687	141864878
TCGA-BA-A6D8-01A-31R-A31N-07	5817210799	48	130485974	116852032
TCGA-BA-A6DA-01A-31R-A31N-07	4785700277	48	117082337	95876471
TCGA-BA-A6DB-01A-11R-A30B-07	2936419400	48	58397504	56920454
TCGA-BA-A6DD-01A-12R-A31N-07	6121943191	48	136923233	131043748
TCGA-BA-A6DE-01A-22R-A31N-07	7917953800	48	171830779	166968520
TCGA-BA-A6DG-01A-21R-A30B-07	6653341113	48	144860215	139856439
TCGA-BA-A6DI-01A-11R-A30B-07	8103738860	48	176195735	171975647
TCGA-BA-A6DJ-01A-11R-A30B-07	7125836290	48	155590514	148657201
TCGA-BA-A6DL-01A-21R-A30B-07	8108298962	48	171077434	164853682
TCGA-BB-4217-01A-11R-2081-07	7797503955	48	185485615	174182134
TCGA-BB-4223-01A-01R-1436-07	5462541239	48	125337742	122395774
TCGA-BB-4224-01A-01R-1436-07	6878471393	48	161546408	158106766
TCGA-BB-4225-01A-01R-1436-07	7087851973	50	165321411	159338559
TCGA-BB-4228-01A-01R-1436-07	6564520072	50	154200193	149357498
TCGA-BB-7861-01A-11R-2232-07	7348134201	48	179449426	174434590
TCGA-BB-7862-01A-21R-2232-07	7210437769	48	182325298	178399393
TCGA-BB-7863-01A-11R-2232-07	7613821816	48	192585460	188888109
TCGA-BB-7866-01A-11R-2232-07	6020926120	48	146217231	142680545
TCGA-BB-7870-01A-11R-2232-07	6137135876	48	158378775	154900401
TCGA-BB-7871-01A-11R-2232-07	7783994213	48	188839823	184670004
TCGA-BB-8596-01A-11R-2403-07	3963025834	48	94682866	89121492
TCGA-BB-8601-01A-11R-2403-07	4336418189	48	105300428	100941106
TCGA-BB-A5HU-01A-11R-A28V-07	8800912774	48	172288037	167844690
TCGA-BB-A5HY-01A-11R-A28V-07	7602066687	48	149845790	146320353
TCGA-BB-A5HZ-01A-21R-A28V-07	6177513160	48	132494403	127353820
TCGA-BB-A6UM-01A-12R-A34R-07	7362985512	48	157848843	150961103
TCGA-BB-A6UO-01A-12R-A34R-07	5319246344	48	121972453	109997964
TCGA-C9-A47Z-01A-11R-A24H-07	6432574524	48	141145130	134556647
TCGA-C9-A480-01A-12R-A24H-07	7149200040	48	158748052	153163218
TCGA-CN-4723-01A-01R-1436-07	8161108605	50	186428242	180687501
TCGA-CN-4725-01A-01R-1436-07	9817180074	50	219705243	211371485
TCGA-CN-4726-01A-01R-1436-07	5707466482	48	136265898	133300656
TCGA-CN-4727-01A-01R-1436-07	5273400682	48	124955257	122736015
TCGA-CN-4728-01A-01R-1436-07	6484497798	50	154175542	149180414
TCGA-CN-4729-01A-01R-1436-07	7239434522	50	169527999	163511985
TCGA-CN-4730-01A-01R-1436-07	7195652374	50	173217078	168494546
TCGA-CN-4731-01A-01R-1436-07	6546159030	50	153963289	148059683
TCGA-CN-4733-01A-02R-1873-07	6847433228	48	160828604	153303584
TCGA-CN-4734-01A-01R-1436-07	7652086009	50	176802000	169893340
TCGA-CN-4735-01A-01R-1436-07	7744244939	48	175257788	171643158
TCGA-CN-4736-01A-01R-1436-07	6436209824	48	151043991	148111951
TCGA-CN-4737-01A-01R-1436-07	6360184438	48	147855568	145063477
TCGA-CN-4738-01A-02R-1514-07	7184656194	48	178223366	174298042
TCGA-CN-4739-01A-02R-1514-07	7991614473	48	197742553	192319232
TCGA-CN-4741-01A-01R-1436-07	8618361297	50	192128749	184712981
TCGA-CN-4742-01A-02R-1514-07	7632336240	48	192691700	188182911
TCGA-CN-5355-01A-01R-1436-07	7516555221	50	172227397	164726637
TCGA-CN-5356-01A-01R-1436-07	9458434681	50	212872271	204034248
TCGA-CN-5358-01A-01R-1514-07	6274727954	48	163482365	157826367
TCGA-CN-5359-01A-01R-1436-07	8938924721	50	199208971	191410596
TCGA-CN-5360-01A-01R-1436-07	6088883964	48	142044075	138256598
TCGA-CN-5361-01A-01R-1436-07	6168343886	48	145549751	142918704
TCGA-CN-5363-01A-01R-1436-07	5285177478	48	124913695	122472987
TCGA-CN-5364-01A-01R-1436-07	7526862591	50	174215218	168321708
TCGA-CN-5365-01A-01R-1436-07	8475843336	50	186968761	179585188
TCGA-CN-5366-01A-01R-1436-07	8901408367	50	192636290	185478169
TCGA-CN-5369-01A-01R-1436-07	8726920530	50	188387980	180896989
TCGA-CN-5370-01A-01R-2016-07	9052718150	48	202895880	195456521
TCGA-CN-5373-01A-01R-1436-07	6732635480	48	158645262	155417604
TCGA-CN-5374-01A-01R-1436-07	5661988137	48	134881524	132205310
TCGA-CN-6010-01A-11R-1686-07	7291984558	48	182852509	178620519
TCGA-CN-6011-01A-11R-1686-07	4686900158	48	119475601	117342383
TCGA-CN-6012-01A-11R-1686-07	6112185615	48	152709292	148664556
TCGA-CN-6013-01A-11R-1686-07	6188270957	48	156450760	153018512
TCGA-CN-6016-01A-11R-1686-07	5322378625	48	136447404	133931719
TCGA-CN-6017-01A-11R-1686-07	5007813060	48	128812790	124378787
TCGA-CN-6018-01A-11R-1686-07	5708997818	48	143194125	139918232
TCGA-CN-6019-01A-11R-1686-07	5006062536	48	126477418	123980573
TCGA-CN-6020-01A-11R-1686-07	5456796633	48	147531683	144330951
TCGA-CN-6021-01A-11R-1686-07	6658741050	48	142515402	138504840
TCGA-CN-6022-01A-21R-1686-07	8110517963	48	176247350	172284089
TCGA-CN-6023-01A-11R-1686-07	11985975412	48	276932304	271187370
TCGA-CN-6024-01A-11R-1686-07	6923753077	48	156456853	153670381
TCGA-CN-6988-01A-11R-1915-07	9733670454	48	198938266	194311716
TCGA-CN-6989-01A-11R-1915-07	9432548965	48	196964519	191017769
TCGA-CN-6992-01A-11R-1915-07	11652996724	48	237678439	231158754
TCGA-CN-6994-01A-11R-1915-07	5990524122	48	141681042	137786433
TCGA-CN-6995-01A-31R-2016-07	7114395775	48	158045676	153344286
TCGA-CN-6996-01A-11R-1915-07	8197352840	48	181049801	174391759
TCGA-CN-6997-01A-11R-2016-07	11782793583	48	257001145	249277103
TCGA-CN-6998-01A-23R-2016-07	9964664284	48	219928181	213233703
TCGA-CN-A497-01A-11R-A24H-07	5606295974	48	122403769	118170107
TCGA-CN-A498-01A-11R-A24H-07	6598258528	48	146107356	140898585
TCGA-CN-A499-01A-11R-A24H-07	6764546556	48	140136870	135674179
TCGA-CN-A49A-01A-11R-A24H-07	7481127752	48	154541053	150104592
TCGA-CN-A49B-01A-31R-A24H-07	6535991910	48	139292062	135288392
TCGA-CN-A49C-01A-11R-A24H-07	5917996636	48	128714868	124974532
TCGA-CN-A63T-01A-11R-A28V-07	6636801076	48	142265713	138983576
TCGA-CN-A63U-01A-11R-A30B-07	7404853072	48	155600213	151208708
TCGA-CN-A63W-01A-11R-A30B-07	8050683710	48	169692333	162358018
TCGA-CN-A641-01A-11R-A30B-07	7917086054	48	172691203	168368761
TCGA-CN-A642-01A-12R-A30B-07	6507387981	48	143143618	139134715
TCGA-CN-A6UY-01A-12R-A34R-07	5491146932	48	123855627	118815651
TCGA-CN-A6V1-01A-12R-A34R-07	5819528533	48	130409385	122071735
TCGA-CN-A6V3-01A-12R-A34R-07	8745805165	48	177774031	170171612
TCGA-CN-A6V6-01A-12R-A34R-07	5548213717	48	110476476	99608301
TCGA-CN-A6V7-01A-12R-A34R-07	8428267380	48	176148173	168327652
TCGA-CQ-5323-01A-01R-1686-07	4420529564	48	108105933	105148902
TCGA-CQ-5324-01A-01R-1686-07	4432144025	48	114792332	112342225
TCGA-CQ-5325-01A-01R-1686-07	4277233872	48	91088897	85530268
TCGA-CQ-5326-01A-01R-1873-07	9047640592	48	189659553	174466319
TCGA-CQ-5327-01A-01R-1686-07	7446707405	48	148260067	142562604
TCGA-CQ-5329-01A-01R-1686-07	4211855873	48	105274148	102915645
TCGA-CQ-5330-01A-01R-1686-07	4224327692	48	105169864	103011681
TCGA-CQ-5332-01A-01R-1686-07	4959754744	48	124667337	122274030
TCGA-CQ-5333-01A-01R-2403-07	4454947505	48	108775990	99417361
TCGA-CQ-6218-01A-11R-1915-07	7813936567	48	182997857	179581001
TCGA-CQ-6219-01A-11R-1915-07	6680042509	48	161078918	157688514
TCGA-CQ-6220-01A-11R-1915-07	7101422433	48	143729915	139421622
TCGA-CQ-6221-01A-11R-2081-07	6719913410	48	162525920	153678532
TCGA-CQ-6222-01A-11R-1915-07	7368091785	48	161153935	155497376
TCGA-CQ-6223-01A-11R-1915-07	10518816100	48	222817086	216044960
TCGA-CQ-6224-01A-11R-1915-07	9206892197	48	197900983	191429905
TCGA-CQ-6225-01A-11R-1915-07	8786516045	48	212697322	209431257
TCGA-CQ-6228-01A-11R-1915-07	8361191292	48	194268436	190775602
TCGA-CQ-6229-01A-11R-1915-07	8839312602	48	205690237	201659432
TCGA-CQ-7063-01A-11R-2403-07	4906322175	48	116231015	112561914
TCGA-CQ-7065-01A-11R-2081-07	6909215572	48	167319386	160543340
TCGA-CQ-7067-01A-11R-2232-07	7371441837	48	182198647	178365098
TCGA-CQ-7068-01A-11R-2081-07	8001740504	48	190458770	182079872
TCGA-CQ-7069-01A-11R-2403-07	4412491600	48	103370422	99830949
TCGA-CQ-7071-01A-12R-A30B-07	6923821712	48	144311708	138964455
TCGA-CQ-7072-01A-21R-A30B-07	7743340767	48	158641352	153235328
TCGA-CQ-A4C6-01A-11R-A24Z-07	6992884213	48	152759762	142967527
TCGA-CQ-A4C7-01A-11R-A24Z-07	5336791112	48	125123456	120376872
TCGA-CQ-A4C9-01A-11R-A24Z-07	5263069867	48	122464836	118877165
TCGA-CQ-A4CA-01A-11R-A24Z-07	5211857607	48	125058897	117595265
TCGA-CQ-A4CB-01A-11R-A24Z-07	5484948368	48	127276437	123103919
TCGA-CQ-A4CD-01A-21R-A24Z-07	5639083069	48	130693758	126422888
TCGA-CQ-A4CE-01A-11R-A266-07	6864449132	48	151411167	147271524
TCGA-CQ-A4CG-01A-11R-A266-07	7156663658	48	155955895	151544293
TCGA-CQ-A4CH-01A-11R-A266-07	6815440010	48	148893307	145105130
TCGA-CQ-A4CI-01A-11R-A266-07	6705723694	48	146526393	142621223
TCGA-CR-5243-01A-01R-1514-07	6896416492	48	172579907	167713985
TCGA-CR-5247-01A-01R-2016-07	5734286327	48	133460767	130591369
TCGA-CR-5249-01A-01R-1514-07	6780148290	48	169621351	165138012
TCGA-CR-5250-01A-01R-1514-07	5710280988	48	145014082	140959816
TCGA-CR-6467-01A-11R-1873-07	11570181235	48	249557396	233552714
TCGA-CR-6471-01A-11R-1873-07	8705880177	48	184553017	175546105
TCGA-CR-6472-01A-11R-1873-07	6325786321	48	133648016	129132136
TCGA-CR-6474-01A-11R-1873-07	9128230543	48	215273850	210691534
TCGA-CR-6477-01A-11R-1873-07	8075202936	48	175466531	169361393
TCGA-CR-6478-01A-11R-1873-07	10308031010	48	221965196	212790858
TCGA-CR-6480-01A-11R-1873-07	7121868517	48	218635200	116220844
TCGA-CR-6481-01A-11R-1873-07	9467927618	48	205368171	192691897
TCGA-CR-6482-01A-11R-1873-07	8176941303	48	170181479	154178104
TCGA-CR-6484-01A-11R-1873-07	7352768732	48	156339709	150547110
TCGA-CR-6487-01A-11R-1873-07	9154106776	48	196116441	189054842
TCGA-CR-6488-01A-12R-2081-07	8788184639	48	201630720	193003975
TCGA-CR-6491-01A-11R-1873-07	7501454871	48	171832089	166900730
TCGA-CR-6493-01A-11R-1873-07	7606887217	48	158941841	153885312
TCGA-CR-7364-01A-11R-2016-07	5992550164	48	142869850	138369862
TCGA-CR-7365-01A-11R-2016-07	8685835569	48	188396673	182390218
TCGA-CR-7367-01A-11R-2016-07	9953485536	48	219651302	210893366
TCGA-CR-7368-01A-11R-2132-07	8953028967	48	203222827	198925741
TCGA-CR-7369-01A-11R-2132-07	7541395472	48	175832359	172407521
TCGA-CR-7370-01A-11R-2132-07	9242522695	48	212684122	208938966
TCGA-CR-7371-01A-11R-2016-07	7997541880	48	175230242	169927126
TCGA-CR-7372-01A-11R-2016-07	7265343294	48	167667593	161806973
TCGA-CR-7373-01A-11R-2016-07	7598385221	48	176294339	170563144
TCGA-CR-7374-01A-11R-2016-07	7462411141	48	169154897	164146620
TCGA-CR-7376-01A-11R-2132-07	8067999825	48	190014451	185740146
TCGA-CR-7377-01A-11R-2016-07	7661097290	48	179239223	175110528
TCGA-CR-7379-01A-11R-2016-07	8444416940	48	186956454	181753263
TCGA-CR-7380-01A-11R-2016-07	5388393533	48	134031237	130577606
TCGA-CR-7382-01A-11R-2132-07	7534705794	48	177987842	172693268
TCGA-CR-7383-01A-11R-2132-07	7393104366	48	178286758	173792571
TCGA-CR-7385-01A-11R-2016-07	3628993500	48	87755308	84968417
TCGA-CR-7386-01A-11R-2016-07	5196318470	48	129693889	126173402
TCGA-CR-7389-01A-11R-2016-07	7816396143	48	177468936	171325556
TCGA-CR-7390-01A-11R-2016-07	7627189372	48	171125920	166829131
TCGA-CR-7391-01A-11R-2016-07	7189417133	48	169371572	164457237
TCGA-CR-7392-01A-11R-2016-07	6358562397	48	141691113	136385656
TCGA-CR-7395-01A-11R-2016-07	3778145296	48	95514595	92696409
TCGA-CR-7397-01A-11R-2016-07	5562923440	48	135857130	131380363
TCGA-CR-7398-01A-11R-2016-07	6974847433	48	158194630	154399068
TCGA-CR-7399-01A-11R-2016-07	8563732209	48	196786737	191618313
TCGA-CR-7401-01A-11R-2016-07	6733098585	48	156914492	153062196
TCGA-CR-7402-01A-11R-2016-07	11241199172	48	239597166	230055734
TCGA-CR-7404-01A-11R-2132-07	8209775821	48	192875478	186133140
TCGA-CV-5430-01A-02R-1686-07	4695392789	48	114745455	111421051
TCGA-CV-5431-01A-01R-1514-07	5617814974	48	146989719	142445693
TCGA-CV-5432-01A-02R-1686-07	4221758085	48	106194025	104280595
TCGA-CV-5434-01A-01R-1686-07	7815610509	48	167923107	163410016
TCGA-CV-5435-01A-01R-1686-07	5779052007	48	135853820	131270064
TCGA-CV-5436-01A-01R-1514-07	5867259870	48	139873114	134988322
TCGA-CV-5439-01A-01R-1686-07	7243387730	48	159776020	155106458
TCGA-CV-5440-01A-01R-1514-07	5561464971	48	133269063	129179367
TCGA-CV-5442-01A-01R-1514-07	5793759011	48	138798066	135098526
TCGA-CV-5443-01A-01R-1514-07	4697870588	48	112957134	107803780
TCGA-CV-5444-01A-02R-1514-07	5221385652	48	124906754	120467790
TCGA-CV-5966-01A-11R-1686-07	7078249303	48	158547694	153758732
TCGA-CV-5970-01A-11R-1686-07	7188472369	48	154429487	145450222
TCGA-CV-5971-01A-11R-1686-07	8104484608	48	186541338	180411398
TCGA-CV-5973-01A-11R-1686-07	6427187054	48	146751730	140800019
TCGA-CV-5976-01A-11R-1686-07	8091696713	48	182050655	177000638
TCGA-CV-5977-01A-11R-1686-07	6460602263	48	141704467	137797541
TCGA-CV-5978-01A-11R-1686-07	4297717521	48	101701001	97338578
TCGA-CV-5979-01A-11R-1686-07	6874651987	48	143134473	137672985
TCGA-CV-6003-01A-11R-1686-07	7642084322	48	173656088	168938423
TCGA-CV-6436-01A-11R-1686-07	7850714366	48	195616016	187123826
TCGA-CV-6441-01A-11R-1686-07	6803776368	48	145626005	141727210
TCGA-CV-6933-01A-11R-1915-07	10022279001	48	225456182	217288953
TCGA-CV-6934-01A-11R-1915-07	11448876187	48	243147682	234105611
TCGA-CV-6935-01A-11R-1915-07	8976177684	48	208281687	194421293
TCGA-CV-6936-01A-11R-1915-07	8872905894	48	202731863	196503432
TCGA-CV-6937-01A-11R-2016-07	4748375369	48	115261403	112819292
TCGA-CV-6938-01A-11R-1915-07	4013468725	48	88498063	85940168
TCGA-CV-6939-01A-11R-1915-07	7397636562	48	160888754	156409109
TCGA-CV-6940-01A-11R-1915-07	6750460126	48	154528698	151583347
TCGA-CV-6942-01A-21R-2016-07	5121898276	48	122105120	117145679
TCGA-CV-6943-01A-11R-1915-07	10641998172	48	233293705	223483930
TCGA-CV-6945-01A-11R-1915-07	7960069217	48	198964913	191123664
TCGA-CV-6950-01A-11R-1915-07	10935990801	48	235653425	229879932
TCGA-CV-6951-01A-11R-1915-07	6933982456	48	159653375	154905579
TCGA-CV-6952-01A-11R-1915-07	6735676517	48	167974428	164487433
TCGA-CV-6953-01A-11R-1915-07	6082085926	48	148227421	137717380
TCGA-CV-6954-01A-11R-1915-07	8677175584	48	206419552	196595307
TCGA-CV-6955-01A-11R-2016-07	6155865139	48	153215688	149236847
TCGA-CV-6956-01A-21R-2016-07	5792854687	48	143124021	138046528
TCGA-CV-6959-01A-11R-1915-07	9153960441	48	209630221	203254370
TCGA-CV-6960-01A-41R-2016-07	7324414269	48	168005469	164069976
TCGA-CV-6961-01A-21R-1915-07	10194134968	48	226245434	219188595
TCGA-CV-6962-01A-11R-1915-07	8701419600	48	185363677	180920797
TCGA-CV-7089-01A-11R-2016-07	7303697240	48	170659040	166039765
TCGA-CV-7090-01A-11R-2016-07	6030584969	48	140205662	136350473
TCGA-CV-7091-01A-11R-2016-07	8436473983	48	189713526	184713476
TCGA-CV-7095-01A-21R-2016-07	5369392939	48	129880074	126858891
TCGA-CV-7097-01A-11R-2016-07	7101436681	48	168356882	163887483
TCGA-CV-7099-01A-41R-2016-07	6288503981	48	155018672	151186423
TCGA-CV-7100-01A-11R-2016-07	4981770211	48	119640891	114844888
TCGA-CV-7101-01A-11R-2016-07	7946027651	48	185853671	179380114
TCGA-CV-7102-01A-11R-2016-07	7575039742	48	171002904	166196145
TCGA-CV-7103-01A-21R-2016-07	8381667350	48	186735843	181601657
TCGA-CV-7104-01A-11R-2016-07	5652528504	48	145781877	141757590
TCGA-CV-7177-01A-11R-2016-07	3832167399	48	91635912	89538672
TCGA-CV-7178-01A-21R-2016-07	9705026479	48	209295725	203495333
TCGA-CV-7180-01A-11R-2016-07	5593951824	48	130135816	126584786
TCGA-CV-7183-01A-11R-2016-07	6902393241	48	159058344	154350649
TCGA-CV-7235-01A-11R-2016-07	6916598662	48	155340990	151453672
TCGA-CV-7236-01A-11R-2016-07	7821550256	48	173445755	168182704
TCGA-CV-7238-01A-11R-2016-07	8002882052	48	180031740	174733503
TCGA-CV-7242-01A-11R-2016-07	10496690301	48	276218376	149339543
TCGA-CV-7243-01A-11R-2016-07	8012747890	48	193043648	188448449
TCGA-CV-7247-01A-11R-2016-07	8175349645	48	190560974	185901318
TCGA-CV-7248-01A-11R-2016-07	9481415138	48	218715316	210905181
TCGA-CV-7250-01A-11R-2016-07	6506249668	48	143153025	139726727
TCGA-CV-7252-01A-11R-2016-07	7396445399	48	167702900	163107480
TCGA-CV-7253-01A-11R-2016-07	10681036230	48	231711423	223206442
TCGA-CV-7254-01A-11R-2016-07	5913129638	48	135890489	130881162
TCGA-CV-7255-01A-11R-2016-07	10010902390	48	239792403	234166060
TCGA-CV-7261-01A-11R-2016-07	5769646838	48	132923747	129401862
TCGA-CV-7263-01A-11R-2016-07	8563489134	48	199954355	195205203
TCGA-CV-7406-01A-11R-2081-07	7845309550	48	181800677	178604642
TCGA-CV-7407-01A-11R-2081-07	7394571546	48	177767912	174381869
TCGA-CV-7409-01A-31R-2232-07	6624536759	48	163040495	159768996
TCGA-CV-7410-01A-21R-2081-07	8193240821	48	191052222	182041363
TCGA-CV-7411-01A-11R-2081-07	8687762069	48	204523813	194073437
TCGA-CV-7413-01A-11R-2081-07	8152823908	48	187213089	177673449
TCGA-CV-7414-01A-11R-2081-07	9147570560	48	210654444	200630981
TCGA-CV-7416-01A-11R-2081-07	8016884075	48	187290055	183590350
TCGA-CV-7418-01A-11R-2081-07	8435251435	48	195087341	190895124
TCGA-CV-7421-01A-11R-2081-07	6815099718	48	165727582	162841461
TCGA-CV-7423-01A-11R-2081-07	7738419509	48	184303808	175732427
TCGA-CV-7424-01A-11R-2081-07	8312728692	48	194917787	183112435
TCGA-CV-7425-01A-11R-2081-07	7454818190	48	167799591	162816850
TCGA-CV-7427-01A-11R-2081-07	7805955944	48	185676431	153682710
TCGA-CV-7428-01A-11R-2132-07	7102866339	48	169351712	163970114
TCGA-CV-7429-01A-11R-2132-07	6998745372	48	167113372	163960683
TCGA-CV-7430-01A-11R-2132-07	8347517994	48	197580122	194000471
TCGA-CV-7432-01A-11R-2132-07	7411968005	48	176253226	173036384
TCGA-CV-7433-01A-11R-2132-07	7987097891	48	190990804	183514738
TCGA-CV-7434-01A-11R-2132-07	7848926678	48	187077304	180610084
TCGA-CV-7437-01A-21R-2132-07	7338299994	48	175163754	166648089
TCGA-CV-7440-01A-11R-2132-07	8287977638	48	169759512	166069272
TCGA-CV-A45O-01A-21R-A24H-07	6305082736	48	140360257	136658704
TCGA-CV-A45P-01A-11R-A24H-07	6792002852	48	150054175	146030476
TCGA-CV-A45Q-01A-11R-A24H-07	6014645388	48	145491789	137352600
TCGA-CV-A45R-01A-11R-A24H-07	6346569063	48	140170419	135572051
TCGA-CV-A45T-01A-11R-A24H-07	6612041293	48	146551423	142270006
TCGA-CV-A45U-01A-12R-A24H-07	7008955657	48	153249306	149187366
TCGA-CV-A45V-01A-21R-A24Z-07	5761965995	48	134269877	130630610
TCGA-CV-A45W-01A-11R-A24Z-07	6180802151	48	142887166	134387379
TCGA-CV-A45X-01A-21R-A24Z-07	5929325481	48	136420781	130241024
TCGA-CV-A45Y-01A-11R-A24Z-07	5697168507	48	131352300	126494757
TCGA-CV-A45Z-01A-21R-A24Z-07	5854185623	48	133785409	129130444
TCGA-CV-A460-01A-21R-A24Z-07	5692551172	48	131286345	121116876
TCGA-CV-A461-01A-41R-A266-07	6582329470	48	148888536	143463584
TCGA-CV-A463-01A-11R-A266-07	6120178308	48	139253044	134082897
TCGA-CV-A464-01A-11R-A266-07	6169824390	48	139331367	135197189
TCGA-CV-A465-01A-11R-A266-07	6647250396	48	151979906	147926302
TCGA-CV-A468-01A-11R-A266-07	5888917377	48	133816189	128876840
TCGA-CV-A6JD-01A-11R-A31N-07	6560137852	48	146488826	141363260
TCGA-CV-A6JE-01A-11R-A31N-07	6349204700	48	144314908	126225841
TCGA-CV-A6JM-01A-11R-A31N-07	7286328700	48	173710092	155024944
TCGA-CV-A6JN-01A-11R-A31N-07	6218605257	48	146933664	137332273
TCGA-CV-A6JO-01B-11R-A34R-07	6348332275	48	140627681	134327663
TCGA-CV-A6JU-01A-11R-A31N-07	6710902639	48	154778031	139187838
TCGA-CV-A6JY-01A-11R-A31N-07	5886797891	48	127968943	123708926
TCGA-CV-A6JZ-01A-11R-A31N-07	8807093453	48	193673821	187096573
TCGA-CV-A6K1-01A-11R-A31N-07	6737134664	48	154946476	137476256
TCGA-CX-7082-01A-11R-2016-07	8544805874	48	191363068	185964495
TCGA-CX-7085-01A-21R-2016-07	7580157086	48	168273139	160997752
TCGA-CX-7086-01A-11R-2081-07	9719051670	48	194259952	189531411
TCGA-CX-7219-01A-11R-2016-07	8832610168	48	194605748	188937987
TCGA-CX-A4AQ-01A-11R-A24Z-07	5935885376	48	137787824	127529346
TCGA-D6-6515-01A-21R-1873-07	7646432607	48	159064887	153497097
TCGA-D6-6823-01A-11R-1915-07	10220551826	48	230737736	225783583
TCGA-D6-6824-01A-11R-1915-07	7116513334	48	163706789	159636927
TCGA-D6-6825-01A-21R-1915-07	7689574468	48	172138714	168029488
TCGA-D6-6826-01A-11R-1915-07	10273485490	48	240047291	219244422
TCGA-D6-6827-01A-11R-1915-07	8325718877	48	177445809	172555034
TCGA-D6-8568-01A-11R-2403-07	4049230137	48	96930772	91564366
TCGA-D6-8569-01A-11R-2403-07	3974367744	48	94401169	91031541
TCGA-D6-A4Z9-01A-11R-A24Z-07	6115278266	48	138405295	134552588
TCGA-D6-A4ZB-01A-11R-A24Z-07	5547811135	48	125481856	120924996
TCGA-D6-A6EK-01A-11R-A31N-07	5331371753	48	120512376	112857661
TCGA-D6-A6EM-01A-21R-A31N-07	5405884623	48	120394182	113110827
TCGA-D6-A6EN-01A-11R-A31N-07	5598449956	48	125287701	118398272
TCGA-D6-A6EO-01A-11R-A31N-07	8892644540	48	188421588	180312752
TCGA-D6-A6EP-01A-11R-A31N-07	6418709045	48	141784654	132621838
TCGA-D6-A6ES-01A-12R-A31N-07	5894406216	48	144628259	120256391
TCGA-D6-A74Q-01A-11R-A34R-07	7668356948	48	170335688	163666569
TCGA-DQ-5624-01A-01R-1873-07	9274470429	48	211831650	207619188
TCGA-DQ-5625-01A-01R-1873-07	7210314943	48	169038450	165803147
TCGA-DQ-5629-01A-01R-1873-07	6711161388	48	152225579	149688139
TCGA-DQ-5630-01A-01R-1873-07	6242803779	48	146311650	143305070
TCGA-DQ-7588-01A-11R-2081-07	7706273154	48	159343690	155947376
TCGA-DQ-7589-01A-11R-2232-07	8999466297	48	223043128	219008217
TCGA-DQ-7590-01A-11R-2232-07	5516800112	48	135647829	132065535
TCGA-DQ-7591-01A-11R-2081-07	7852060992	48	152683357	148265689
TCGA-DQ-7592-01A-11R-2081-07	9048423540	48	212726172	176154033
TCGA-DQ-7593-01A-11R-2232-07	7087632092	48	171702395	165708392
TCGA-DQ-7594-01A-11R-2232-07	7327683264	48	174622214	168595744
TCGA-DQ-7595-01A-11R-2232-07	6869502588	48	170657702	167180866
TCGA-DQ-7596-01A-11R-2232-07	7727025681	48	191029843	186902827
TCGA-F7-8298-01A-11R-2403-07	4078368635	48	97677467	94669919
TCGA-F7-8489-01A-31R-2403-07	4721582100	48	112978653	105930493
TCGA-F7-A50G-01A-11R-A266-07	6616749105	48	146797249	141206226
TCGA-F7-A50I-01A-11R-A28V-07	4943852276	48	101228351	98720094
TCGA-F7-A50J-01A-21R-A28V-07	5785275828	48	120906908	116837094
TCGA-F7-A61S-01A-11R-A28V-07	4916298555	48	102620892	96279012
TCGA-F7-A61V-01A-11R-A28V-07	6625958509	48	131260800	127641480
TCGA-F7-A61W-01A-11R-A28V-07	6735169817	48	129081175	125293459
TCGA-F7-A620-01A-11R-A28V-07	6749987036	48	138724968	131585434
TCGA-F7-A622-01A-11R-A28V-07	6904509594	48	142240105	138284198
TCGA-F7-A623-01A-11R-A28V-07	8248987490	48	166365274	161882012
TCGA-F7-A624-01A-22R-A30B-07	8219004819	48	177258391	171299389
TCGA-H7-7774-01A-21R-2081-07	8683160273	48	204439220	197517511
TCGA-H7-8501-01A-11R-2403-07	4017390841	48	95993217	92414880
TCGA-H7-8502-01A-11R-2403-07	4519929613	48	100401192	97267253
TCGA-H7-A6C4-01A-11R-A30B-07	7563077228	48	159091371	154202527
TCGA-H7-A76A-01A-51R-A34R-07	5402550811	48	120258638	111590609
TCGA-HD-7229-01A-11R-2016-07	6994795894	48	156896235	152051491
TCGA-HD-7753-01A-11R-2081-07	9122667099	48	211258133	203814082
TCGA-HD-7754-01A-11R-2081-07	9326644773	48	209602192	202359466
TCGA-HD-7917-01A-11R-2232-07	6284212735	48	157250967	153735978
TCGA-HD-8224-01A-11R-2403-07	4350925618	48	95463372	92554648
TCGA-HD-8314-01A-11R-2403-07	4811212968	48	109890203	106024173
TCGA-HD-8634-01A-11R-2403-07	5250726813	48	122860168	117837742
TCGA-HD-8635-01A-11R-2403-07	4798472736	48	110119029	106360993
TCGA-HD-A4C1-01A-11R-A24H-07	7037753764	48	151242483	147596578
TCGA-HD-A633-01A-11R-A28V-07	8364103625	48	169804704	165013079
TCGA-HD-A634-01A-11R-A28V-07	6233067663	48	127205489	123216743
TCGA-HD-A6I0-01A-11R-A31N-07	5324347134	48	119950904	108704048
TCGA-HL-7533-01A-11R-2232-07	7135584913	48	141069328	135132943
TCGA-IQ-7630-01A-11R-2081-07	8849819275	48	203584550	196376337
TCGA-IQ-7631-01A-11R-2081-07	7821398167	48	163363229	159855404
TCGA-IQ-7632-01A-11R-2081-07	7300867926	48	150091911	146636996
TCGA-IQ-A61E-01A-22R-A30B-07	6799302327	48	137269042	133025940
TCGA-IQ-A61G-01A-11R-A30B-07	7498230111	48	157877791	152270345
TCGA-IQ-A61H-01A-11R-A30B-07	6752371213	48	137711365	132133958
TCGA-IQ-A61I-01A-11R-A30B-07	6976029098	48	150348250	143359656
TCGA-IQ-A61J-01A-11R-A30B-07	7570095222	48	160837131	155941144
TCGA-IQ-A61O-01A-11R-A30B-07	7188419520	48	146819242	141890570
TCGA-IQ-A6SG-01A-12R-A34R-07	8706427039	48	193375748	186514588
TCGA-IQ-A6SH-01A-12R-A34R-07	6402691466	48	144113376	136551236
TCGA-KU-A66S-01A-21R-A30B-07	7139669637	48	144237858	139879456
TCGA-KU-A66T-01A-11R-A30B-07	8157710360	48	174092067	167470273
TCGA-KU-A6H7-01A-11R-A31N-07	6663139315	48	152055374	147223139
TCGA-KU-A6H8-01A-21R-A34R-07	6511727322	48	131384719	122776815
TCGA-MT-A51W-01A-21R-A266-07	6355584706	48	143988928	139632961
TCGA-MT-A51X-01A-11R-A266-07	6384046456	48	142410944	138391812
TCGA-MT-A67A-01A-11R-A30B-07	4597811085	48	99470578	96251002
TCGA-MT-A67D-01A-31R-A30B-07	7417642689	48	152654073	146671721
TCGA-MT-A67F-01A-11R-A30B-07	6041292714	48	129633416	126517752
TCGA-MT-A7BN-01A-12R-A34R-07	4538175889	48	94418324	84191070
TCGA-MZ-A5BI-01A-31R-A34R-07	6166493546	48	133959420	124581786
TCGA-MZ-A6I9-01A-11R-A31N-07	6171891079	48	141611111	134307185
TCGA-MZ-A7D7-01A-21R-A34R-07	5653994111	48	126834221	121344394
TCGA-P3-A5Q5-01A-11R-A28V-07	7411155717	48	152324480	147803156
TCGA-P3-A5Q6-01A-11R-A28V-07	7182908602	48	157942831	154521390
TCGA-P3-A5QA-01A-11R-A28V-07	6938744548	48	150990002	147855328
TCGA-P3-A5QE-01A-11R-A28V-07	7431240195	48	146638390	141754948
TCGA-P3-A5QF-01A-11R-A28V-07	6647911824	48	133666734	129671800
TCGA-P3-A6SW-01A-11R-A34R-07	5416054162	48	117593724	110477818
TCGA-P3-A6SX-01A-11R-A34R-07	8223336326	48	180388482	175291896
TCGA-P3-A6T0-01A-12R-A34R-07	8577279275	48	190985442	185429881
TCGA-P3-A6T2-01A-11R-A34R-07	7498067043	48	152544943	144532236
TCGA-P3-A6T3-01A-11R-A34R-07	6599097373	48	133183920	128195120
TCGA-P3-A6T4-01A-11R-A34R-07	7219784861	48	144256065	139297051
TCGA-P3-A6T5-01A-11R-A34R-07	7857017236	48	169642939	161922273
TCGA-P3-A6T6-01A-11R-A34R-07	3887890897	48	87267636	76553500
TCGA-P3-A6T7-01A-11R-A34R-07	7320106664	48	163382086	156353904
TCGA-P3-A6T8-01A-11R-A34R-07	6380880559	48	134853821	126750708
TCGA-QK-A64Z-01A-11R-A30B-07	7433048741	48	154404696	149647966
TCGA-QK-A652-01A-11R-A30B-07	7345830855	48	164093610	160134430
TCGA-QK-A6IH-01A-11R-A31N-07	6009490515	48	138892084	132325656
TCGA-QK-A6II-01A-11R-A31N-07	6938656637	48	165571311	155353232
TCGA-QK-A6IJ-01A-11R-A31N-07	6029119854	48	142550580	124329152
TCGA-QK-A6V9-01A-11R-A34R-07	7313719971	48	153661147	147402470
TCGA-QK-A6VB-01A-12R-A34R-07	9462626525	48	191959511	181398146
TCGA-QK-A6VC-01A-23R-A34R-07	6828541221	48	138092317	126594531
TCGA-RS-A6TO-01A-32R-A34R-07	5318251580	48	105638143	95406401
TCGA-RS-A6TP-01A-12R-A34R-07	8484877602	48	181402697	175517410
TCGA-T2-A6WX-01A-12R-A34R-07	5890538296	48	131719740	125602355
TCGA-T2-A6WZ-01A-21R-A34R-07	3769983894	48	87084249	73104176
TCGA-T2-A6X0-01A-11R-A34R-07	8669016508	48	189160690	183179180
TCGA-T2-A6X2-01A-12R-A34R-07	4401673128	48	97004019	93827134
TCGA-TN-A7HI-01A-11R-A34R-07	5446907937	48	113154121	100562302
TCGA-TN-A7HJ-01A-12R-A34R-07	6529349428	48	134207318	118531871
TCGA-TN-A7HL-01A-11R-A34R-07	8199225744	48	169192429	159013405
TCGA-UF-A718-01A-22R-A34R-07	7979034567	48	168758967	160930157
TCGA-UF-A719-01A-12R-A34R-07	8921557846	48	198882142	191713787
TCGA-UF-A71A-01A-22R-A34R-07	6944053885	48	155121111	148275681
TCGA-UF-A71B-01A-12R-A34R-07	5613218750	48	125225693	111538081
TCGA-UF-A71D-01A-12R-A34R-07	4214477037	48	82863787	78851184
TCGA-UF-A71E-01A-31R-A34R-07	7134935927	48	157914397	151666318
TCGA-UF-A7J9-01A-12R-A34R-07	7837710318	48	171769310	163504031
TCGA-UF-A7JA-01A-12R-A34R-07	4920895144	48	105319190	101732357
TCGA-UF-A7JC-01A-21R-A34R-07	5221261477	48	103542497	99275829
TCGA-UF-A7JD-01A-11R-A34R-07	4891957684	48	95933974	91652366
TCGA-UF-A7JF-01A-11R-A34R-07	5876329813	48	120381340	111292408
TCGA-UF-A7JJ-01A-11R-A34R-07	4900055443	48	106410636	101508486
TCGA-UF-A7JK-01A-11R-A34R-07	6062381288	48	131587007	127564641
TCGA-UF-A7JO-01A-11R-A34R-07	7723646944	48	172209613	166234857
TCGA-UF-A7JS-01A-11R-A34R-07	4238324794	48	103770791	76274309
TCGA-UF-A7JT-01A-11R-A34R-07	8355583633	48	170544626	161136908
TCGA-UF-A7JV-01A-11R-A34R-07	8355542705	48	180801783	173672549
TCGA-UP-A6WW-01A-12R-A34R-07	8680428509	48	187881792	180911163
TCGA-WA-A7GZ-01A-11R-A34R-07	7258267627	48	151970470	145212155
TCGA-WA-A7H4-01A-21R-A34R-07	4177909869	48	82441118	77940504
